FoamFile
{
    version	2.0;
	format	ascii;
	class	dictionary;
	location	"system";
	object	blockMeshDict;
}
vertices	(
	(-0.0131 -0.0121 -0.005275)
	(0.6131 -0.0121 -0.005275)
	(0.6131 0.41209999999999997 -0.005275)
	(-0.0131 0.41209999999999997 -0.005275)
	(-0.0131 -0.0121 0.050275)
	(0.6131 -0.0121 0.050275)
	(0.6131 0.41209999999999997 0.050275)
	(-0.0131 0.41209999999999997 0.050275)
);
blocks	(
    hex	(0 1 2 3 4 5 6 7) (45 45 15) simpleGrading (1.0 1.0 1.0)
);
edges	();
boundary	(
	boundaries
	{
		type	patch;
		faces	(
			(0 4 7 3)
			(2 6 5 1)
			(1 5 4 0)
			(3 7 6 2)
			(0 3 2 1)
			(4 5 6 7)
		);
	}
);